{
  "advancedEditorSelectedIdentifier" : "ProjectBrowser",
  "openSceneRelativePaths" : [
    "Scene.usda",
    "ImmersiveScene.usda"
  ],
  "recentIdentifiers" : {
    "2C898566-7D08-4296-AD87-D9A0F11999DF" : [

    ],
    "26DBAE76-5DD8-47B6-A085-1B4ADA111097" : [

    ],
    "223ADD33-DC12-4190-9727-8D488DFBF969" : [

    ],
    "EC10AA42-A6AC-4B63-A711-DA543105BB5E" : [

    ]
  },
  "sceneCameraHistory" : {
    "2C898566-7D08-4296-AD87-D9A0F11999DF" : [
      {
        "date" : 718996396.11666501,
        "title" : "Untitled",
        "transform" : [
          0.99926161766052246,
          -1.1924032872201451e-09,
          0.038423273712396622,
          0,
          0.03782978281378746,
          0.17508193850517273,
          -0.98382687568664551,
          0,
          -0.0067272195592522621,
          0.98455387353897095,
          0.17495264112949371,
          0,
          -0.012884792871773243,
          2.5126380920410156,
          1.1019532680511475,
          1
        ]
      },
      {
        "date" : 718996394.14016902,
        "title" : "Untitled",
        "transform" : [
          0.99926155805587769,
          -2.8216107228473675e-09,
          0.038423273712396622,
          0,
          0.035146430134773254,
          0.40409484505653381,
          -0.91404169797897339,
          0,
          -0.015526643954217434,
          0.91471713781356812,
          0.40379643440246582,
          0,
          -0.034454014152288437,
          2.142869234085083,
          1.6628962755203247,
          1
        ]
      },
      {
        "date" : 718996390.03759301,
        "title" : "Untitled",
        "transform" : [
          0.99926155805587769,
          -1.5654325613567721e-09,
          0.038423266261816025,
          0,
          0.028218699619174004,
          0.67869853973388672,
          -0.7338746190071106,
          0,
          -0.026077812537550926,
          0.7344169020652771,
          0.67819732427597046,
          0,
          -0.057373661547899246,
          1.4394364356994629,
          2.2589602470397949,
          1
        ]
      },
      {
        "date" : 718996367.21345997,
        "title" : "Untitled",
        "transform" : [
          1,
          0,
          0,
          0,
          0,
          0.7071068286895752,
          -0.70710676908493042,
          0,
          0,
          0.70710676908493042,
          0.7071068286895752,
          0,
          0.026622399687767029,
          1.3431100845336914,
          2.3144707679748535,
          1
        ]
      },
      {
        "date" : 718996355.50266302,
        "title" : "Untitled",
        "transform" : [
          0.97674727439880371,
          0.022333456203341484,
          -0.21322794258594513,
          0,
          -0.20071130990982056,
          -0.25435921549797058,
          -0.94605308771133423,
          0,
          -0.075365126132965088,
          0.96685194969177246,
          -0.24396209418773651,
          0,
          -0.095516905188560486,
          1.7102054357528687,
          1.8618378639221191,
          1
        ]
      },
      {
        "date" : 718996338.14189005,
        "title" : "Untitled",
        "transform" : [
          0.99600791931152344,
          -1.2190053411131885e-09,
          0.089264810085296631,
          0,
          0.072278164327144623,
          0.58683711290359497,
          -0.8064725399017334,
          0,
          -0.052383903414011002,
          0.80970501899719238,
          0.58449447154998779,
          0,
          -0.095516905188560486,
          1.7102054357528687,
          1.8618378639221191,
          1
        ]
      },
      {
        "date" : 718996336.80534196,
        "title" : "Untitled",
        "transform" : [
          0.99600791931152344,
          -1.2190053411131885e-09,
          0.089264810085296631,
          0,
          0.072278164327144623,
          0.58683711290359497,
          -0.8064725399017334,
          0,
          -0.052383903414011002,
          0.80970501899719238,
          0.58449447154998779,
          0,
          -0.095516905188560486,
          1.7102054357528687,
          1.8618378639221191,
          1
        ]
      },
      {
        "date" : 718996324.49656701,
        "title" : "Untitled",
        "transform" : [
          0.99600791931152344,
          -1.2190053411131885e-09,
          0.089264810085296631,
          0,
          0.072278164327144623,
          0.58683711290359497,
          -0.8064725399017334,
          0,
          -0.052383903414011002,
          0.80970501899719238,
          0.58449447154998779,
          0,
          -0.36393290758132935,
          1.3628456592559814,
          2.3189823627471924,
          1
        ]
      },
      {
        "date" : 718961410.17305601,
        "title" : "Untitled",
        "transform" : [
          0.99600791931152344,
          -1.2190053411131885e-09,
          0.089264810085296631,
          0,
          0.072278164327144623,
          0.58683711290359497,
          -0.8064725399017334,
          0,
          -0.052383903414011002,
          0.80970501899719238,
          0.58449447154998779,
          0,
          -0.10524933785200119,
          2.4585249423980713,
          0.82431221008300781,
          1
        ]
      },
      {
        "date" : 718961404.374506,
        "title" : "Untitled",
        "transform" : [
          0.99949163198471069,
          -1.2687600969840673e-09,
          0.031883049756288528,
          0,
          0.018657037988305092,
          0.81090986728668213,
          -0.58487355709075928,
          0,
          -0.025854278355836868,
          0.58517110347747803,
          0.81049764156341553,
          0,
          -0.053709328174591064,
          1.9310171604156494,
          1.532955527305603,
          1
        ]
      }
    ],
    "26DBAE76-5DD8-47B6-A085-1B4ADA111097" : [
      {
        "date" : 718956339.78237402,
        "title" : "Untitled",
        "transform" : [
          0.98180747032165527,
          4.5857883378630504e-05,
          -0.18987911939620972,
          0,
          -0.10213480889797211,
          0.8431401252746582,
          -0.52790451049804688,
          0,
          0.16007056832313538,
          0.53769391775131226,
          0.82780593633651733,
          0,
          0.18105386197566986,
          1.4747374057769775,
          1.7781513929367065,
          1
        ]
      },
      {
        "date" : 718936232.09797299,
        "title" : "Untitled",
        "transform" : [
          0.98180758953094482,
          4.5857890654588118e-05,
          -0.1898791491985321,
          0,
          -0.1021348237991333,
          0.84314024448394775,
          -0.52790457010269165,
          0,
          0.16007056832313538,
          0.53769391775131226,
          0.82780593633651733,
          0,
          0.17870281636714935,
          1.4941433668136597,
          1.7660012245178223,
          1
        ]
      },
      {
        "date" : 718936217.65430295,
        "title" : "Untitled",
        "transform" : [
          0.98380935192108154,
          4.5846521970815957e-05,
          -0.17921863496303558,
          0,
          -0.17137575149536133,
          0.2928297221660614,
          -0.94068127870559692,
          0,
          0.052437447011470795,
          0.95616459846496582,
          0.28809639811515808,
          0,
          -0.089929103851318359,
          2.2838964462280273,
          0.39860892295837402,
          1
        ]
      },
      {
        "date" : 718936205.62766194,
        "title" : "Untitled",
        "transform" : [
          0.98380947113037109,
          4.5846529246773571e-05,
          -0.17921864986419678,
          0,
          -0.17137575149536133,
          0.2928297221660614,
          -0.94068127870559692,
          0,
          0.052437454462051392,
          0.95616471767425537,
          0.28809642791748047,
          0,
          -1.3243319988250732,
          2.2973175048828125,
          0.57874023914337158,
          1
        ]
      },
      {
        "date" : 718925240.76310301,
        "title" : "Untitled",
        "transform" : [
          0.68444907665252686,
          4.5843837142456323e-05,
          -0.72906076908111572,
          0,
          -0.32904991507530212,
          0.89237457513809204,
          -0.30885902047157288,
          0,
          0.65058106184005737,
          0.45129561424255371,
          0.61079996824264526,
          0,
          0.27084657549858093,
          1.4129621982574463,
          2.1494982242584229,
          1
        ]
      },
      {
        "date" : 718925228.41473699,
        "title" : "Untitled",
        "transform" : [
          0.99312132596969604,
          6.9796914914377339e-09,
          -0.11708991229534149,
          0,
          -0.062812581658363342,
          0.84393376111984253,
          -0.53275734186172485,
          0,
          0.098816126585006714,
          0.53644740581512451,
          0.83812862634658813,
          0,
          0.27084657549858093,
          1.4129621982574463,
          2.1494982242584229,
          1
        ]
      },
      {
        "date" : 718925209.86011696,
        "title" : "Untitled",
        "transform" : [
          0.99312132596969604,
          6.9796914914377339e-09,
          -0.11708991229534149,
          0,
          -0.062812581658363342,
          0.84393376111984253,
          -0.53275734186172485,
          0,
          0.098816126585006714,
          0.53644740581512451,
          0.83812862634658813,
          0,
          0.27084657549858093,
          1.4129621982574463,
          2.1494982242584229,
          1
        ]
      },
      {
        "date" : 718925203.777704,
        "title" : "Untitled",
        "transform" : [
          0.99312132596969604,
          -1.0680178963440312e-10,
          -0.11708990484476089,
          0,
          -0.062812574207782745,
          0.84393376111984253,
          -0.53275740146636963,
          0,
          0.098816126585006714,
          0.53644740581512451,
          0.83812862634658813,
          0,
          0.27084657549858093,
          1.4129621982574463,
          2.1494982242584229,
          1
        ]
      },
      {
        "date" : 718923898.56048501,
        "title" : "Untitled",
        "transform" : [
          1,
          0,
          0,
          0,
          0,
          0.7071068286895752,
          -0.70710676908493042,
          0,
          0,
          0.70710676908493042,
          0.7071068286895752,
          0,
          0.017298996448516846,
          1.8501962423324585,
          1.8073838949203491,
          1
        ]
      },
      {
        "date" : 718923894.08635604,
        "title" : "Untitled",
        "transform" : [
          1,
          0,
          0,
          0,
          0,
          0.7071068286895752,
          -0.70710676908493042,
          0,
          0,
          0.70710676908493042,
          0.7071068286895752,
          0,
          0.10812406241893768,
          0.77523428201675415,
          0.32262003421783447,
          1
        ]
      }
    ],
    "223ADD33-DC12-4190-9727-8D488DFBF969" : [
      {
        "date" : 718956724.44884205,
        "title" : "Untitled",
        "transform" : [
          1,
          0,
          -0,
          0,
          -0,
          0.86602544784545898,
          -0.49999988079071045,
          0,
          0,
          0.49999988079071045,
          0.86602544784545898,
          0,
          0,
          0.1981465071439743,
          0.34319981932640076,
          1
        ]
      }
    ],
    "D0C8566C-9E01-4AA2-B7E6-9EFD39EBAB4C" : [
      {
        "date" : 718923812.02417898,
        "title" : "Untitled",
        "transform" : [
          1,
          0,
          0,
          0,
          0,
          0.86602544784545898,
          -0.49999988079071045,
          0,
          0,
          0.49999988079071045,
          0.86602544784545898,
          0,
          0,
          0.20091123878955841,
          0.34798845648765564,
          1
        ]
      }
    ],
    "EC10AA42-A6AC-4B63-A711-DA543105BB5E" : [
      {
        "date" : 718961035.69981897,
        "title" : "Untitled",
        "transform" : [
          1,
          0,
          0,
          0,
          0,
          0.86602544784545898,
          -0.49999988079071045,
          0,
          0,
          0.49999988079071045,
          0.86602544784545898,
          0,
          -0.0065639577805995941,
          0.11116717755794525,
          0.25928312540054321,
          1
        ]
      },
      {
        "date" : 718961029.212345,
        "title" : "Untitled",
        "transform" : [
          1,
          0,
          -0,
          0,
          -0,
          0.86602544784545898,
          -0.49999988079071045,
          0,
          0,
          0.49999988079071045,
          0.86602544784545898,
          0,
          -0.00082131475210189819,
          0.11537535488605499,
          0.25685355067253113,
          1
        ]
      },
      {
        "date" : 718961010.73323905,
        "title" : "Untitled",
        "transform" : [
          1,
          0,
          -0,
          0,
          -0,
          0.86602544784545898,
          -0.49999988079071045,
          0,
          0,
          0.49999988079071045,
          0.86602544784545898,
          0,
          0,
          0.057687699794769287,
          0.11931592226028442,
          1
        ]
      },
      {
        "date" : 718960747.06593204,
        "title" : "Untitled",
        "transform" : [
          1,
          0,
          -0,
          0,
          -0,
          0.86602544784545898,
          -0.49999988079071045,
          0,
          0,
          0.49999988079071045,
          0.86602544784545898,
          0,
          0,
          0.19807514548301697,
          0.34307625889778137,
          1
        ]
      }
    ]
  },
  "selectedSceneRelativePath" : "ImmersiveScene.usda"
}